803	122
869	604
880	470
813	934
676	884
810	70
564	862
818	191
855	30
811	591
876	443
810	712
826	460
881	586
879	931
863	204
827	666
839	781
872	236
846	522
798	218
1012	1004
662	839
854	313
859	622
778	852
120	868
819	559
835	820
980	1012
878	436
864	361
1028	959
845	312
889	594
851	598
853	521
978	963
348	802
799	64
814	909
885	725
960	62
823	472
815	28
581	865
820	442
802	795
816	886
814	194
880	717
841	131
151	854
12	811
561	804
218	798
786	835
855	446
815	655
965	904
704	864
889	282
798	520
206	862
814	200
420	798
981	273
752	805
106	803
875	697
1013	981
253	808
838	834
889	51
800	111
408	825
304	805
882	948
856	331
362	854
52	825
820	642
888	334
873	321
820	871
871	830
844	127
993	977
848	684
830	394
851	616
882	856
870	950
352	868
883	96
860	44
911	854
37	873
524	856
208	885
1025	968
1035	957
823	287
877	181
855	174
860	549
822	84
808	538
830	23
823	53
852	899
886	748
824	258
426	820
802	723
854	101
997	975
803	365
814	891
830	809
852	778
776	846
833	440
843	510
879	741
813	325
859	755
814	914
32	809
808	645
815	366
830	445
960	1036
1012	979
873	37
877	75
463	813
898	846
602	848
981	984
818	599
814	769
163	816
837	941
857	630
831	196
804	291
377	858
833	429
833	767
809	200
833	346
557	885
72	885
874	75
978	95
1012	999
828	844
382	833
818	793
851	149
77	851
384	825
854	364
469	819
814	439
811	757
808	310
885	557
993	1022
457	802
180	805
1025	1015
861	826
813	955
241	869
805	210
826	128
842	510
846	898
873	643
812	116
851	414
861	851
289	868
802	134
340	852
830	585
976	1023
863	943
549	860
97	850
675	848
813	667
856	903
4	860
855	230
859	276
64	799
843	179
860	368
823	791
880	692
851	199
322	825
835	533
438	823
844	405
987	997
108	859
836	576
34	851
361	864
885	39
630	857
957	904
869	354
863	335
873	55
879	198
82	816
856	249
864	328
813	486
829	127
819	526
960	273
357	817
912	814
871	820
808	83
518	808
805	597
799	813
830	35
832	444
854	574
76	856
834	587
856	437
767	833
804	189
606	889
856	918
398	844
820	56
798	716
862	638
846	776
843	267
777	873
837	835
805	925
848	92
1033	957
849	45
834	837
849	554
810	121
808	159
341	848
17	862
834	905
826	861
814	143
857	904
823	293
888	683
857	252
868	797
873	202
802	625
855	542
840	646
861	339
183	833
6	805
422	840
949	823
600	813
857	736
826	508
818	373
856	76
863	665
338	811
868	799
873	319
819	152
297	869
369	846
818	237
821	285
857	539
852	927
858	663
965	992
319	873
819	409
725	885
849	323
826	552
295	804
862	40
575	808
175	814
855	43
840	379
981	988
985	1014
828	837
818	484
806	243
853	9
855	735
710	807
716	798
114	819
803	106
803	170
826	790
850	220
957	928
801	931
468	821
834	941
494	826
153	814
885	208
816	7
858	763
827	626
832	652
851	118
846	358
839	123
830	732
852	465
825	408
476	845
846	400
867	904
855	318
804	623
360	848
865	820
673	845
881	918
841	179
821	530
685	839
839	277
810	901
804	698
889	726
813	21
1000	960
822	890
814	480
859	498
850	138
811	447
849	404
851	22
810	938
610	833
848	234
1028	958
863	162
868	115
868	352
814	175
830	680
861	679
628	875
821	519
862	283
840	782
460	826
873	485
864	501
298	826
8	803
879	245
184	822
508	826
870	904
865	196
848	715
233	833
506	803
842	131
830	709
978	1024
810	811
801	281
823	949
189	804
303	850
823	272
957	1033
864	674
813	137
798	702
840	10
805	779
815	830
383	833
132	835
343	850
839	659
840	788
815	957
817	357
845	262
868	306
756	808
492	835
944	804
851	136
1025	967
838	904
801	742
835	27
450	833
846	481
844	609
1025	1016
857	828
872	957
781	839
205	813
801	254
810	499
835	540
833	36
833	382
835	5
814	178
819	320
953	863
874	880
802	590
985	1008
803	270
832	431
307	819
832	209
699	808
860	226
808	772
932	880
168	850
876	876
864	333
842	179
882	701
826	80
823	10
798	58
962	1037
819	469
962	1010
810	133
858	38
814	434
827	907
807	771
813	728
566	880
679	861
828	236
879	238
809	3
852	631
537	814
802	11
838	942
706	873
857	830
808	13
851	454
59	850
878	475
852	340
801	347
854	125
832	534
225	878
588	840
835	786
186	882
839	633
837	956
805	94
876	459
831	127
803	506
960	1022
852	456
849	200
490	868
855	406
330	832
862	17
849	130
852	390
861	973
884	173
803	385
820	636
824	797
832	308
633	839
787	823
954	799
835	165
373	818
57	869
832	724
488	832
869	297
857	700
833	610
823	79
276	859
830	729
858	266
836	871
815	535
155	854
816	404
869	749
813	503
323	849
26	834
943	863
845	117
824	532
799	868
806	589
988	981
832	193
962	982
993	578
889	606
801	412
834	920
593	800
810	250
822	184
814	60
805	608
251	869
856	695
839	407
255	883
221	808
203	814
800	593
804	471
826	871
860	761
733	851
867	242
976	971
802	327
803	8
834	430
820	568
809	694
841	75
96	883
109	816
825	639
48	845
844	835
877	563
914	814
376	807
509	819
801	248
335	863
726	889
873	706
889	696
828	127
858	387
815	555
834	844
811	250
813	924
804	944
862	541
831	835
461	813
799	201
863	900
388	804
856	531
379	840
808	518
374	805
169	880
848	516
279	847
800	244
860	774
804	561
859	688
817	637
856	336
823	569
880	394
871	196
878	47
815	773
848	148
883	624
818	504
823	787
816	849
826	236
1034	985
852	248
813	205
822	124
798	892
810	577
812	711
798	247
833	830
884	462
493	848
644	861
467	835
842	171
846	768
809	712
573	834
825	583
825	731
826	952
818	259
832	417
847	279
873	227
46	857
873	948
165	835
856	256
16	804
799	523
853	200
848	477
844	956
400	846
414	851
831	905
859	947
835	926
807	376
813	429
860	107
859	370
834	573
854	545
806	423
844	579
823	200
997	1001
821	714
798	14
924	813
663	858
1028	983
146	832
711	812
838	837
832	330
413	808
869	73
167	875
960	960
800	886
275	804
805	752
906	856
697	875
519	821
1009	962
817	67
978	961
802	785
869	29
816	412
816	82
856	525
815	242
672	861
809	32
854	911
878	200
865	544
641	816
839	693
869	241
190	812
1025	998
857	792
791	823
821	391
819	317
825	375
878	649
49	807
838	576
855	812
962	966
855	223
694	809
846	500
962	321
164	803
856	615
852	140
799	955
719	798
962	960
866	902
51	889
870	651
887	198
1012	970
854	151
845	766
829	732
31	826
997	987
845	200
808	529
141	813
18	817
861	686
734	802
231	873
1028	1011
834	940
199	851
834	62
805	435
865	815
957	1035
863	703
174	855
875	628
883	255
880	566
850	97
86	861
808	413
861	751
818	713
854	290
960	1026
554	849
819	367
819	720
868	764
854	161
409	819
801	14
444	832
981	972
618	817
848	360
850	314
485	873
820	426
864	246
453	832
785	802
835	467
402	819
782	840
900	863
839	355
861	284
960	815
270	803
885	395
536	847
804	613
974	976
395	885
834	835
844	576
503	813
482	878
814	497
937	885
832	453
800	378
962	1018
815	871
881	874
814	912
846	144
888	880
873	541
844	236
850	168
424	806
873	777
684	848
649	878
803	212
671	846
857	834
843	75
866	441
339	861
825	356
254	801
873	556
635	802
814	607
845	744
810	762
818	411
823	886
744	845
840	572
830	957
1028	1021
547	840
860	4
1028	1006
884	300
811	558
832	401
808	699
283	862
876	263
848	474
1012	980
863	953
826	31
844	837
967	1025
1026	960
840	580
149	851
66	799
799	647
345	805
806	951
844	398
806	931
802	176
813	936
317	819
845	904
415	840
371	843
880	169
336	856
981	1029
1036	960
406	855
838	835
328	864
582	822
844	834
839	129
845	473
708	819
845	941
979	1012
472	823
877	179
902	866
528	851
835	492
860	599
867	942
430	834
873	451
428	813
872	835
823	874
803	294
810	447
840	547
326	848
844	926
851	296
813	868
820	677
863	511
61	799
843	640
856	524
688	859
136	851
44	860
865	268
815	576
957	1022
691	805
825	384
993	960
868	813
840	718
808	674
867	820
680	830
479	821
401	832
985	989
892	798
838	609
810	228
875	386
850	59
632	807
861	739
840	668
267	843
696	889
173	884
852	562
961	978
852	315
1007	962
879	370
972	981
855	110
816	265
843	563
701	882
808	575
846	551
802	457
603	799
873	231
816	332
616	851
819	402
981	1002
73	869
977	993
870	546
85	819
439	814
882	186
849	342
532	824
815	829
819	650
799	670
800	396
880	355
864	704
625	802
53	823
933	806
848	341
847	705
837	576
821	479
808	397
872	229
808	135
329	821
558	811
1028	986
747	876
878	225
865	548
820	830
811	762
839	629
854	200
811	316
801	759
913	853
570	876
960	1019
848	326
810	240
727	855
813	182
908	853
878	482
868	289
227	873
884	311
885	935
822	553
144	846
736	857
65	860
851	682
857	207
838	815
731	825
822	582
531	856
803	530
831	942
753	873
853	913
259	818
125	854
858	147
1008	985
47	878
845	875
749	869
799	219
981	1013
807	710
921	823
705	847
804	826
1027	976
851	733
222	839
481	846
826	957
817	661
834	648
810	939
58	798
877	510
101	854
805	304
799	617
702	798
436	878
852	370
830	815
841	563
560	839
805	309
856	158
804	350
818	789
811	12
825	894
308	832
826	494
721	818
821	329
857	956
836	829
811	338
720	819
445	830
846	671
801	543
830	27
811	240
870	674
832	895
855	100
884	770
474	848
847	363
821	468
220	850
804	388
962	1009
870	433
819	166
886	931
693	839
39	885
840	464
779	805
818	774
815	483
861	200
263	876
896	852
40	862
869	869
7	816
852	91
739	861
139	889
868	33
861	904
803	211
833	750
798	719
835	242
834	815
846	372
368	860
821	730
201	799
798	478
846	656
611	847
865	829
84	822
845	25
526	819
798	812
876	2
827	929
803	931
808	24
313	854
861	672
880	932
45	849
872	920
878	195
818	381
1032	997
816	347
651	870
854	362
316	811
808	246
623	804
861	22
845	737
821	278
517	824
804	16
823	921
715	848
850	200
818	286
834	576
806	514
814	537
844	288
897	825
559	819
483	815
768	846
1018	962
556	873
364	854
810	68
824	868
820	196
845	213
496	839
828	904
858	377
423	806
232	885
868	585
883	527
800	50
820	5
282	889
861	681
819	85
873	595
959	1028
971	976
872	904
857	687
820	337
997	1005
968	1025
819	114
957	1001
885	937
868	490
375	825
869	57
865	871
866	917
639	825
922	851
835	576
686	861
835	196
860	381
832	592
195	878
1025	1017
805	584
811	939
587	834
840	172
638	862
664	845
459	876
836	844
346	833
861	393
844	829
874	403
735	855
804	658
811	228
851	528
856	829
760	845
825	931
872	455
437	856
828	905
856	906
805	6
976	974
851	417
861	81
1017	1025
796	810
305	848
835	601
138	850
211	803
870	19
56	820
1012	964
91	852
156	884
825	322
819	200
810	387
885	765
858	185
551	846
875	875
832	214
819	307
824	517
868	936
134	802
840	150
324	826
808	792
866	596
963	978
818	0
981	1030
351	814
90	798
815	820
884	156
854	359
819	678
730	821
592	832
252	857
799	88
829	940
868	653
854	155
846	742
947	859
834	829
826	576
458	846
816	163
808	775
620	826
1006	1028
799	66
813	463
78	814
853	674
976	1027
874	510
815	834
594	889
612	846
434	814
808	253
695	856
3	809
807	49
889	487
816	109
923	850
865	581
692	880
835	815
505	830
919	814
848	493
824	567
985	991
824	87
147	858
829	904
535	815
834	236
1011	1028
866	660
862	206
142	883
857	127
888	102
815	269
299	848
869	197
124	822
832	488
813	600
294	803
989	985
234	848
864	589
790	826
820	236
848	305
799	954
572	840
803	145
814	78
835	132
466	805
886	507
266	858
802	635
500	846
848	794
828	857
1003	960
798	90
817	18
188	805
464	840
816	513
991	985
837	844
873	550
815	35
130	849
976	996
811	809
515	807
87	824
333	864
811	121
878	780
840	415
886	69
42	804
655	815
284	861
652	832
960	1003
850	923
925	805
855	910
837	127
431	832
527	883
799	200
813	461
758	809
962	1007
804	42
847	536
875	167
819	509
826	620
826	722
885	614
859	432
809	758
170	803
850	303
805	691
820	576
833	233
844	196
945	808
143	814
1021	1028
403	874
1024	978
838	920
683	888
834	942
993	861
759	801
876	747
834	871
850	669
829	926
565	884
847	611
738	830
867	576
837	288
802	348
845	578
296	851
833	280
852	896
806	166
806	93
806	933
818	721
848	299
840	745
157	873
814	203
883	142
501	864
845	673
873	783
802	495
861	104
813	300
867	196
63	812
784	856
842	640
823	192
597	805
257	848
617	799
845	48
643	873
805	188
868	120
98	885
802	111
158	856
648	834
957	936
825	897
13	808
958	1028
855	418
861	644
826	298
817	618
67	817
137	813
962	1020
860	65
839	685
11	802
828	871
1020	962
852	246
502	807
590	802
808	221
162	863
743	798
842	75
809	757
1012	1001
854	812
583	825
520	798
427	835
310	808
181	877
119	821
824	1
868	20
812	63
814	351
813	141
814	919
851	922
830	505
855	41
783	873
477	848
855	200
1	824
859	946
882	541
951	806
831	353
853	908
806	301
871	576
823	438
841	171
148	848
771	807
829	905
810	796
877	380
805	374
654	821
723	802
661	817
622	859
177	861
811	274
804	690
957	960
306	868
780	878
865	942
874	640
801	707
869	251
799	103
881	271
965	936
123	839
845	808
216	846
833	383
836	905
831	857
843	371
981	999
875	910
475	878
21	813
440	833
865	835
1023	976
356	825
879	449
981	960
834	732
596	866
805	466
775	808
813	88
38	858
861	512
657	863
881	801
825	915
807	632
807	502
857	410
816	349
626	827
976	994
799	115
820	260
806	689
814	153
844	905
687	857
994	976
516	848
861	598
849	74
521	853
870	930
698	804
805	448
813	428
819	421
247	798
1014	985
833	871
806	424
888	586
813	653
805	345
802	886
624	883
801	200
798	420
850	245
858	449
605	852
851	34
815	835
89	826
825	634
260	820
550	873
820	957
212	803
871	815
835	844
812	190
117	845
856	405
754	802
197	869
821	200
871	904
833	928
788	840
569	823
836	940
390	852
845	664
538	808
334	888
861	993
799	603
805	180
881	200
852	54
825	748
834	26
851	99
700	857
133	810
836	904
865	904
552	826
548	865
838	957
848	257
1029	981
832	146
878	344
94	805
473	845
301	806
815	952
763	858
885	98
802	621
745	840
848	675
802	734
808	498
860	491
670	799
985	1034
416	867
830	235
804	295
608	805
831	419
870	126
841	510
957	983
834	904
840	588
882	881
841	380
512	861
841	640
399	865
976	990
840	302
107	860
965	1030
838	732
176	802
495	802
491	860
773	815
815	196
714	821
840	14
237	818
859	108
386	875
839	662
293	823
996	976
311	884
511	863
895	832
810	274
112	846
887	931
845	760
765	885
546	870
645	808
865	405
861	177
964	1012
850	886
224	805
820	904
830	5
816	342
856	187
857	578
737	845
798	743
857	815
819	708
484	818
568	820
873	753
873	157
229	872
985	995
811	916
808	113
448	805
871	957
824	955
845	476
857	905
553	822
54	852
584	805
826	200
882	449
851	77
819	689
808	945
835	920
523	799
385	803
801	389
903	856
800	425
844	920
722	826
832	105
846	216
432	859
363	847
285	821
816	71
802	244
838	844
607	814
636	820
833	183
861	682
829	815
1005	997
957	969
833	450
861	86
465	852
812	95
846	369
857	619
595	873
960	904
843	171
359	854
129	839
717	880
529	808
798	261
995	985
992	965
81	861
867	957
803	164
985	1031
325	813
867	416
807	93
850	343
817	264
840	292
818	761
840	404
857	732
846	112
840	422
365	803
802	754
555	815
998	1025
292	840
487	889
835	956
798	392
230	855
827	893
985	999
870	217
822	740
853	154
837	905
882	874
2	876
889	139
811	68
614	885
820	601
838	820
1025	1030
798	95
873	449
816	931
846	612
865	826
804	452
677	820
1012	960
969	957
337	820
513	816
856	784
813	33
280	833
863	657
849	425
161	854
256	856
24	808
840	748
821	654
209	832
842	563
806	631
478	798
798	160
973	861
543	801
239	833
802	442
877	171
807	515
840	886
389	801
798	489
741	879
848	571
865	918
867	815
214	832
855	727
826	89
835	578
909	814
846	244
844	904
833	957
320	819
851	419
764	868
789	818
856	870
811	577
182	813
846	627
870	746
851	751
884	565
833	215
669	850
658	804
808	756
842	380
810	809
194	814
770	884
849	302
852	605
851	15
803	118
848	602
813	797
870	576
856	904
867	952
935	885
839	560
861	15
411	818
407	839
103	799
499	810
844	940
876	570
848	118
223	855
350	804
839	222
800	621
830	470
668	840
826	904
55	873
281	801
816	122
882	429
210	805
799	33
452	804
755	859
840	931
846	458
769	814
849	265
867	213
80	826
191	818
646	840
917	866
291	804
970	1012
178	814
238	879
579	844
856	920
647	799
823	890
772	808
946	859
837	904
392	798
804	275
862	564
809	577
258	824
800	507
539	857
613	804
833	239
802	50
884	676
899	852
441	866
838	242
202	873
820	544
830	455
849	604
571	848
318	855
966	962
835	427
433	870
574	854
204	863
187	856
830	738
410	857
92	848
327	802
367	819
36	833
249	856
378	800
497	814
880	874
885	232
446	855
23	830
839	496
794	848
681	861
20	868
915	825
135	808
871	578
391	821
801	840
859	160
831	576
984	981
140	852
1015	1025
793	818
812	30
840	198
809	68
864	864
835	904
965	273
844	820
865	576
1019	960
750	833
885	72
868	88
820	835
810	591
829	835
105	832
815	904
808	200
823	159
830	857
962	578
870	918
810	757
865	399
277	839
836	196
894	825
480	814
824	486
666	827
857	46
854	154
286	818
650	819
830	835
816	641
821	119
215	833
820	815
985	1001
962	185
865	619
823	674
659	839
113	808
1002	981
824	934
800	931
834	273
835	829
811	810
396	800
824	219
872	35
71	816
800	840
838	196
634	825
872	829
100	855
451	873
930	870
830	904
331	856
825	52
803	50
268	865
811	70
975	997
816	421
798	116
522	846
799	61
879	321
514	806
627	846
344	878
110	855
855	262
1016	1025
993	904
826	324
264	817
907	827
435	805
829	857
878	542
728	813
830	820
60	814
562	852
1037	962
795	802
870	200
862	349
1031	985
1004	1012
332	816
642	820
9	853
207	857
887	74
358	846
874	355
845	243
309	805
443	876
886	580
707	801
462	884
849	931
868	79
823	102
272	823
854	116
525	856
69	886
1028	941
656	846
489	798
713	818
1010	962
816	887
193	832
678	819
261	798
567	824
278	821
667	813
128	826
881	126
665	863
104	861
718	840
852	150
849	185
862	302
534	832
929	827
217	870
629	839
997	990
740	822
851	314
855	312
418	855
927	852
19	870
870	856
152	819
315	852
875	766
960	1000
836	835
746	870
997	1032
986	1028
397	808
729	830
533	835
965	960
877	640
871	905
811	901
867	926
724	832
950	870
25	845
372	846
290	854
0	818
545	854
615	856
820	732
456	852
703	863
815	732
982	962
805	224
99	851
874	171
820	920
860	818
29	869
226	860
813	799
881	856
1028	960
28	815
353	831
192	823
287	823
504	818
172	840
269	815
41	855
471	804
893	827
637	817
271	881
235	830
660	866
916	811
1028	904
690	804
861	454
540	835
811	938
354	869
844	366
891	814
43	855
145	803
835	732
870	874
393	861
978	960
83	808
709	830
867	27
